[[  1.00000000e+00   1.00000000e+00   1.00000000e+00   1.00000000e+00
    1.00000000e+00]
 [  1.00000000e+00   2.00000000e+00   4.00000000e+00   8.00000000e+00
    1.60000000e+01]
 [  1.00000000e+00   3.00000000e+00   9.00000000e+00   2.70000000e+01
    8.10000000e+01]
 [  1.00000000e+00   4.00000000e+00   1.60000000e+01   6.40000000e+01
    2.56000000e+02]
 [  1.00000000e+00   5.00000000e+00   2.50000000e+01   1.25000000e+02
    6.25000000e+02]
 [  1.00000000e+00   6.00000000e+00   3.60000000e+01   2.16000000e+02
    1.29600000e+03]
 [  1.00000000e+00   7.00000000e+00   4.90000000e+01   3.43000000e+02
    2.40100000e+03]
 [  1.00000000e+00   8.00000000e+00   6.40000000e+01   5.12000000e+02
    4.09600000e+03]
 [  1.00000000e+00   9.00000000e+00   8.10000000e+01   7.29000000e+02
    6.56100000e+03]
 [  1.00000000e+00   1.00000000e+01   1.00000000e+02   1.00000000e+03
    1.00000000e+04]]